%YAML:1.0
Point: [ 314, 162, 323, 162, 329, 169, 337, 174, 344, 181, 336, 190, 333,
    201, 341, 204, 349, 209, 345, 214, 341, 217, 335, 222, 328, 219, 323,
    214, 321, 211, 326, 206, 316, 203, 299, 204, 297, 198, 297, 190, 296,
    183, 298, 177, 301, 171, 307, 165, 314, 162 ]
