%YAML:1.0
Point: [ 313, 162, 323, 162, 329, 169, 337, 174, 345, 181, 337, 190, 335,
    201, 344, 203, 354, 208, 349, 213, 344, 216, 339, 221, 333, 218, 329,
    213, 326, 210, 331, 205, 321, 202, 302, 203, 298, 197, 298, 189, 298,
    182, 299, 177, 301, 171, 308, 165, 313, 162 ]
