%YAML:1.0
Point: [ 323, 161, 331, 161, 336, 168, 344, 173, 350, 180, 342, 189, 339,
    200, 346, 203, 352, 209, 346, 214, 341, 217, 335, 222, 328, 219, 325,
    214, 322, 211, 328, 206, 317, 203, 300, 204, 296, 198, 296, 190, 296,
    183, 300, 177, 306, 170, 315, 164, 323, 161 ]
