%YAML:1.0
Point: [ 314, 162, 324, 162, 329, 169, 337, 174, 344, 181, 337, 190, 334,
    201, 342, 204, 351, 209, 348, 213, 344, 216, 337, 221, 330, 218, 325,
    214, 321, 211, 326, 206, 316, 203, 299, 204, 295, 198, 295, 190, 295,
    183, 297, 177, 300, 171, 307, 165, 314, 162 ]
