%YAML:1.0
Point: [ 315, 162, 324, 162, 331, 169, 338, 174, 345, 181, 337, 190, 335,
    201, 343, 204, 351, 209, 347, 214, 341, 217, 335, 222, 328, 219, 324,
    214, 321, 211, 327, 206, 317, 203, 300, 204, 297, 198, 297, 190, 297,
    183, 299, 177, 302, 171, 309, 165, 315, 162]
