%YAML:1.0
Point: !!opencv-matrix
   rows: 5
   cols: 5
   dt: "2f"
   data: [ 3.51216614e-001, 9.95000005e-001, 4.35301542e-001,
       4.99999989e-003, 4.79177147e-001, 0., 5.08091927e-001, 0.,
       3.12593877e-001, 0., 1.40478432e-001, 4.99999989e-003,
       2.70166919e-002, 9.95000005e-001, 4.41901013e-002, 0.,
       -2.95021199e-003, 0., 2.47398481e-001, 0., 6.47685081e-002, 0.,
       -3.36799473e-002, 0., 5.13405427e-002, 1., -4.64885496e-002, 0.,
       9.74487215e-002, 0., 1.38089687e-001, 0., 1.47956610e-003, 0.,
       9.37896688e-003, 0., -3.54353860e-002, 1., 3.82455699e-002, 0.,
       1.93958879e-002, 0., -4.18234095e-002, 0., -1.00419158e-002, 0.,
       7.61258304e-002, 0., -7.21223652e-004, 1. ]
