%YAML:1.0
Point: [ 322, 155, 333, 160, 342, 168, 352, 176, 350, 184, 346, 189,
       344, 196, 348, 202, 354, 207, 353, 214, 346, 220, 336, 226, 328,
       226, 320, 222, 316, 218, 317, 214, 314, 210, 308, 208, 300, 204,
       294, 200, 293, 190, 294, 180, 298, 170, 308, 160, 322, 155 ]
