%YAML:1.0
Point: [ 318., 151., 335., 161., 351., 175., 366., 191., 363., 203.,
    354., 202., 351., 192., 340., 194., 339., 204., 361., 212., 359.,
    223., 351., 232., 335., 242., 317., 244., 320., 233., 311., 234.,
    302., 218., 311., 212., 299., 211., 289., 219., 281., 216., 281.,
    196., 283., 179., 294., 162., 318., 151. ]
