%YAML:1.0
Point: [ 307., 166., 327., 168., 337., 189., 328., 191., 327., 199.,
    337., 198., 342., 205., 362., 207., 358., 215., 346., 213., 338.,
    218., 338., 228., 325., 232., 316., 238., 310., 232., 317., 231.,
    311., 224., 302., 219., 302., 215., 317., 214., 309., 209., 282.,
    209., 285., 188., 293., 174., 307., 166. ]
