%YAML:1.0
Point: [ 309., 166., 320., 170., 330., 171., 332., 184., 327., 198.,
    341., 202., 340., 212., 334., 216., 325., 218., 313., 218., 306.,
    218., 297., 215., 305., 212., 315., 209., 309., 205., 300., 205.,
    292., 204., 285., 201., 286., 196., 287., 189., 288., 184., 289.,
    178., 294., 173., 301., 168., 309., 166. ]
