%YAML:1.0
Point: [ 314., 169., 327., 177., 333., 179., 336., 185., 326., 189.,
    327., 199., 338., 197., 339., 207., 335., 214., 329., 222., 325.,
    224., 320., 223., 313., 221., 309., 218., 305., 216., 307., 211.,
    315., 211., 315., 206., 307., 204., 301., 206., 292., 201., 293.,
    193., 296., 183., 302., 174., 314., 169. ]
