%YAML:1.0
Point: [ 312., 166., 319., 168., 330., 171., 330., 177., 352., 178.,
    345., 184., 337., 189., 325., 196., 329., 202., 334., 198., 349.,
    199., 341., 204., 337., 215., 326., 221., 316., 221., 308., 218.,
    301., 212., 313., 210., 306., 206., 295., 208., 285., 202., 290.,
    189., 294., 182., 304., 170., 312., 166. ]
