%YAML:1.0
Point: [ 310., 161., 322., 168., 330., 175., 339., 190., 330., 191.,
    331., 206., 344., 205., 339., 218., 338., 229., 330., 229., 324.,
    234., 316., 233., 318., 224., 312., 224., 312., 219., 301., 220.,
    300., 215., 317., 211., 306., 208., 284., 208., 284., 200., 284.,
    193., 288., 180., 296., 167., 310., 161. ]
