%YAML:1.0
Point: [ 309., 166., 322., 169., 329., 173., 328., 179., 337., 180.,
    340., 187., 328., 189., 327., 201., 335., 202., 341., 208., 337.,
    213., 332., 218., 323., 218., 315., 217., 305., 215., 309., 212.,
    316., 210., 314., 206., 296., 205., 289., 201., 289., 194., 290.,
    188., 292., 180., 297., 171., 309., 166. ]
