%YAML:1.0
Point: [ 307., 166., 319., 169., 325., 169., 331., 179., 343., 179.,
    340., 186., 339., 193., 330., 192., 329., 200., 339., 200., 346.,
    203., 342., 210., 334., 214., 325., 219., 315., 220., 307., 217.,
    303., 212., 315., 209., 303., 205., 292., 207., 286., 204., 287.,
    196., 289., 182., 296., 173., 307., 166. ]
