%YAML:1.0
Point: [ 313., 151., 333., 162., 344., 172., 356., 175., 360., 189.,
    351., 193., 339., 193., 340., 208., 371., 210., 365., 219., 354.,
    218., 352., 230., 345., 232., 334., 243., 319., 245., 323., 234.,
    312., 232., 302., 215., 314., 214., 305., 210., 288., 218., 280.,
    213., 282., 190., 290., 168., 313., 151. ]
