%YAML:1.0
Point: [ 307., 168., 320., 169., 328., 176., 337., 177., 334., 188.,
    327., 197., 331., 203., 336., 198., 342., 195., 338., 217., 326.,
    217., 325., 223., 316., 222., 307., 219., 297., 214., 315., 211.,
    310., 204., 295., 206., 286., 200., 286., 193., 287., 187., 289.,
    182., 292., 175., 299., 170., 307., 168. ]
