%YAML:1.0
Point: [ 311., 168., 323., 168., 327., 177., 337., 178., 340., 187.,
    331., 188., 323., 197., 332., 206., 336., 202., 342., 205., 341.,
    215., 327., 218., 323., 230., 316., 233., 304., 233., 309., 227.,
    317., 224., 308., 220., 302., 214., 311., 212., 317., 209., 310.,
    206., 284., 202., 289., 180., 311., 168. ]
