%YAML:1.0
Point: [ 309., 164., 319., 168., 331., 176., 343., 190., 333., 189.,
    326., 192., 329., 202., 339., 200., 344., 205., 339., 212., 330.,
    222., 318., 224., 309., 223., 300., 216., 314., 212., 307., 207.,
    295., 207., 285., 206., 284., 198., 286., 191., 288., 184., 291.,
    177., 296., 172., 302., 167., 309., 164. ]
