%YAML:1.0
Point: [ 312., 158., 333., 161., 345., 171., 359., 181., 367., 188.,
    369., 201., 352., 201., 346., 194., 339., 197., 339., 209., 362.,
    218., 346., 233., 330., 248., 318., 240., 322., 235., 312., 233.,
    300., 218., 308., 220., 314., 217., 305., 213., 293., 214., 287.,
    222., 280., 200., 286., 173., 312., 158. ]
