%YAML:1.0
Point: [ 317., 152., 334., 163., 351., 173., 353., 187., 363., 194.,
    359., 201., 350., 193., 338., 194., 339., 211., 358., 211., 352.,
    219., 351., 229., 339., 231., 323., 245., 318., 238., 324., 233.,
    313., 232., 308., 225., 319., 214., 283., 212., 281., 196., 284.,
    177., 291., 165., 304., 158., 317., 152. ]
