%YAML:1.0
Point: [ 331., 154., 329., 164., 343., 171., 352., 177., 352., 185.,
    356., 197., 349., 192., 340., 196., 337., 213., 364., 215., 349.,
    222., 348., 233., 345., 229., 331., 248., 320., 245., 320., 232.,
    308., 232., 303., 220., 321., 217., 305., 213., 280., 212., 280.,
    200., 286., 176., 307., 155., 331., 154. ]
