%YAML:1.0
Point: [ 313., 155., 335., 164., 346., 175., 354., 176., 355., 188.,
    347., 197., 339., 193., 333., 198., 334., 208., 354., 210., 344.,
    225., 329., 237., 326., 243., 317., 243., 317., 233., 307., 230.,
    300., 221., 316., 221., 313., 213., 284., 217., 279., 203., 281.,
    187., 286., 172., 298., 161., 313., 155. ]
