%YAML:1.0
Point: [ 316., 155., 327., 166., 337., 166., 337., 177., 349., 175.,
    355., 185., 351., 197., 343., 191., 334., 197., 336., 208., 351.,
    210., 349., 227., 337., 227., 331., 235., 327., 242., 316., 242.,
    319., 232., 309., 231., 301., 220., 314., 214., 285., 215., 279.,
    206., 282., 181., 295., 164., 316., 155. ]
