%YAML:1.0
Point: [ 310., 154., 328., 167., 337., 175., 351., 177., 359., 174.,
    352., 186., 349., 199., 342., 191., 331., 200., 355., 211., 346.,
    222., 335., 229., 326., 242., 316., 243., 317., 233., 306., 229.,
    300., 219., 315., 214., 304., 212., 283., 215., 280., 202., 281.,
    190., 284., 179., 293., 167., 310., 154. ]
