%YAML:1.0
Point: [ 310., 160., 327., 167., 337., 177., 348., 190., 340., 189.,
    328., 199., 343., 212., 343., 206., 356., 206., 352., 215., 340.,
    217., 344., 220., 338., 226., 321., 241., 317., 231., 300., 219.,
    314., 213., 303., 212., 280., 211., 281., 203., 282., 194., 285.,
    182., 291., 169., 300., 163., 310., 160. ]
