%YAML:1.0
Point: [ 313., 159., 323., 166., 336., 175., 354., 176., 329., 200.,
    336., 199., 344., 204., 357., 207., 347., 213., 338., 220., 355.,
    222., 353., 233., 330., 230., 322., 236., 306., 232., 317., 230.,
    301., 218., 317., 214., 309., 209., 285., 210., 284., 201., 285.,
    191., 288., 173., 297., 164., 313., 159. ]
