%YAML:1.0
Point: [ 303., 146., 326., 141., 341., 146., 353., 169., 371., 168.,
    373., 177., 357., 191., 375., 191., 377., 198., 367., 209., 358.,
    209., 355., 215., 360., 221., 349., 230., 359., 232., 364., 243.,
    341., 242., 326., 230., 304., 217., 317., 213., 319., 204., 306.,
    197., 296., 187., 294., 170., 303., 146. ]
