%YAML:1.0
Point: [ 311., 153., 321., 158., 332., 162., 339., 165., 339., 174.,
    343., 177., 337., 181., 337., 189., 332., 195., 336., 200., 342.,
    202., 343., 206., 340., 210., 336., 216., 328., 218., 322., 216.,
    320., 209., 316., 202., 306., 199., 310., 193., 310., 180., 301.,
    170., 300., 165., 302., 157., 311., 153. ]
