%YAML:1.0
Point: [ 309., 148., 317., 150., 321., 157., 326., 160., 340., 158.,
    335., 170., 346., 170., 346., 178., 339., 178., 335., 183., 338.,
    189., 333., 192., 328., 197., 322., 199., 315., 202., 311., 199.,
    310., 194., 311., 190., 317., 186., 307., 183., 306., 178., 302.,
    175., 294., 164., 300., 155., 309., 148. ]
