%YAML:1.0
Point: [ 338., 159., 334., 166., 340., 174., 330., 179., 333., 184.,
    329., 193., 336., 202., 330., 211., 323., 209., 309., 212., 318.,
    205., 316., 197., 301., 197., 316., 186., 312., 176., 306., 171.,
    296., 162., 298., 158., 303., 154., 311., 152., 314., 157., 320.,
    153., 327., 155., 332., 157., 338., 159. ]
