%YAML:1.0
Point: [ 317., 156., 332., 159., 333., 168., 340., 173., 340., 180.,
    334., 179., 334., 187., 330., 189., 333., 197., 340., 194., 344.,
    202., 338., 210., 327., 212., 315., 212., 308., 216., 306., 205.,
    314., 206., 322., 204., 312., 198., 315., 177., 306., 171., 300.,
    164., 304., 155., 310., 155., 317., 156. ]
