%YAML:1.0
Point: [ 322., 157., 333., 163., 336., 155., 340., 169., 340., 179.,
    334., 183., 342., 185., 340., 196., 330., 198., 322., 202., 316.,
    204., 315., 196., 320., 188., 314., 186., 312., 180., 304., 181.,
    300., 173., 301., 170., 294., 165., 301., 159., 305., 159., 304.,
    150., 313., 154., 321., 148., 322., 157. ]
