%YAML:1.0
Point: [ 324., 152., 328., 160., 340., 167., 340., 175., 347., 185.,
    340., 183., 338., 191., 335., 195., 337., 205., 336., 217., 331.,
    222., 325., 220., 323., 213., 320., 207., 312., 203., 317., 194.,
    313., 186., 305., 184., 305., 173., 296., 169., 298., 164., 299.,
    156., 304., 154., 315., 152., 324., 152. ]
