%YAML:1.0
Point: [ 320., 152., 326., 160., 334., 158., 337., 166., 346., 170.,
    347., 175., 338., 176., 334., 181., 331., 186., 331., 194., 328.,
    202., 321., 198., 314., 200., 304., 199., 307., 194., 314., 191.,
    314., 183., 308., 181., 307., 173., 300., 170., 297., 163., 300.,
    153., 306., 149., 312., 152., 320., 152. ]
