%YAML:1.0
Point: [ 292., 144., 320., 138., 334., 145., 351., 150., 351., 162.,
    367., 156., 368., 164., 357., 170., 369., 172., 370., 184., 363.,
    211., 352., 220., 361., 223., 349., 229., 361., 243., 340., 242.,
    324., 233., 321., 222., 307., 219., 315., 205., 298., 195., 299.,
    181., 292., 172., 298., 155., 292., 144. ]
