%YAML:1.0
Point: [ 294., 150., 316., 155., 329., 161., 342., 165., 343., 175.,
    349., 185., 341., 188., 346., 192., 339., 196., 339., 204., 336.,
    219., 331., 225., 322., 220., 318., 213., 323., 207., 313., 206.,
    312., 199., 317., 195., 309., 184., 305., 176., 294., 170., 295.,
    164., 299., 160., 298., 156., 294., 150. ]
