%YAML:1.0
Point: [ 334., 162., 333., 171., 335., 174., 341., 177., 333., 179.,
    335., 189., 331., 191., 333., 200., 341., 197., 352., 197., 351.,
    204., 342., 204., 334., 209., 323., 211., 311., 213., 319., 204.,
    318., 197., 309., 201., 308., 193., 313., 191., 313., 177., 302.,
    165., 307., 156., 322., 157., 334., 162. ]
