%YAML:1.0
Point: [ 306., 153., 319., 158., 326., 162., 337., 165., 340., 173.,
    349., 181., 340., 182., 337., 189., 335., 198., 341., 205., 337.,
    210., 330., 217., 324., 215., 322., 212., 319., 207., 317., 203.,
    307., 203., 309., 199., 314., 193., 312., 184., 308., 178., 303.,
    172., 296., 169., 300., 162., 306., 153. ]
