%YAML:1.0
Point: [ 314., 142., 331., 147., 350., 156., 351., 170., 370., 170.,
    375., 175., 349., 187., 360., 201., 352., 213., 352., 224., 347.,
    230., 355., 240., 331., 240., 323., 229., 312., 221., 299., 219.,
    317., 205., 304., 199., 293., 198., 292., 189., 292., 180., 293.,
    169., 296., 158., 304., 148., 314., 142. ]
