%YAML:1.0
Point: [ 317., 143., 332., 153., 352., 162., 355., 178., 349., 191.,
    357., 197., 350., 206., 352., 224., 342., 228., 341., 241., 333.,
    240., 325., 243., 315., 227., 306., 220., 299., 219., 315., 203.,
    307., 199., 291., 196., 291., 189., 290., 182., 292., 173., 292.,
    165., 297., 157., 296., 146., 317., 143. ]
