%YAML:1.0
Point: [ 293., 148., 313., 145., 332., 151., 345., 162., 349., 176.,
    352., 188., 350., 202., 349., 216., 341., 230., 355., 234., 347.,
    240., 338., 238., 319., 240., 320., 232., 317., 224., 301., 216.,
    313., 207., 309., 199., 304., 197., 289., 194., 290., 186., 290.,
    178., 289., 170., 297., 161., 293., 148. ]
