%YAML:1.0
Point: [ 303., 148., 325., 155., 341., 164., 349., 176., 349., 193.,
    345., 210., 342., 228., 347., 229., 358., 225., 363., 232., 353.,
    239., 338., 237., 313., 235., 319., 227., 313., 219., 303., 218.,
    302., 211., 309., 209., 316., 200., 302., 197., 295., 187., 294.,
    174., 289., 169., 293., 158., 303., 148. ]
