%YAML:1.0
Point: [ 310., 164., 317., 155., 331., 160., 345., 168., 347., 184.,
    360., 187., 349., 197., 344., 204., 342., 222., 348., 229., 361.,
    229., 355., 243., 346., 236., 332., 232., 320., 229., 319., 223.,
    315., 215., 306., 212., 315., 198., 299., 192., 299., 176., 294.,
    170., 302., 150., 308., 152., 310., 164. ]
