%YAML:1.0
Point: [ 322., 154., 324., 164., 334., 168., 338., 163., 343., 177.,
    348., 194., 345., 207., 339., 221., 351., 228., 341., 231., 328.,
    232., 320., 225., 317., 216., 307., 210., 304., 205., 310., 202.,
    310., 195., 302., 191., 300., 182., 294., 168., 297., 161., 303.,
    158., 307., 154., 315., 155., 322., 154. ]
