%YAML:1.0
Point: [ 313., 151., 327., 150., 329., 161., 337., 163., 343., 172.,
    355., 167., 358., 171., 345., 180., 350., 194., 342., 200., 337.,
    220., 350., 224., 349., 231., 336., 227., 326., 230., 324., 224.,
    317., 222., 319., 217., 310., 208., 316., 198., 301., 188., 306.,
    184., 294., 169., 302., 151., 313., 151. ]
