%YAML:1.0
Point: [ 329., 156., 332., 162., 344., 165., 344., 181., 354., 181.,
    355., 189., 345., 191., 341., 201., 339., 211., 338., 226., 331.,
    225., 326., 228., 322., 226., 321., 216., 321., 209., 316., 208.,
    307., 204., 315., 196., 315., 193., 303., 187., 302., 174., 294.,
    171., 300., 151., 309., 156., 329., 156. ]
