%YAML:1.0
Point: [ 314., 153., 329., 157., 338., 169., 345., 178., 356., 182.,
    347., 187., 329., 191., 327., 198., 350., 216., 341., 214., 330.,
    214., 324., 219., 338., 233., 309., 239., 320., 229., 306., 224.,
    290., 214., 295., 209., 308., 214., 318., 210., 314., 200., 293.,
    197., 271., 180., 289., 157., 314., 153. ]
