%YAML:1.0
Point: [ 315., 168., 324., 162., 326., 166., 341., 167., 339., 174.,
    333., 177., 332., 184., 332., 190., 337., 191., 337., 194., 332.,
    194., 329., 199., 333., 200., 328., 203., 325., 207., 331., 212.,
    328., 218., 319., 207., 321., 196., 315., 192., 301., 194., 295.,
    185., 294., 173., 306., 169., 315., 168. ]
