%YAML:1.0
Point: [ 321., 165., 332., 168., 342., 167., 348., 170., 343., 176.,
    338., 185., 333., 189., 329., 198., 336., 198., 337., 205., 333.,
    211., 330., 208., 329., 212., 324., 217., 320., 212., 314., 210.,
    320., 207., 319., 199., 316., 194., 307., 195., 294., 190., 294.,
    178., 289., 173., 307., 167., 321., 165. ]
