%YAML:1.0
Point: [ 320., 164., 334., 170., 344., 182., 328., 193., 329., 213.,
    325., 213., 330., 225., 317., 233., 315., 225., 323., 223., 315.,
    214., 320., 207., 323., 198., 309., 197., 300., 194., 293., 192.,
    287., 190., 290., 184., 285., 175., 290., 171., 297., 169., 300.,
    166., 304., 160., 310., 164., 320., 164. ]
