%YAML:1.0
Point: [ 310., 170., 319., 170., 319., 166., 327., 167., 335., 170.,
    342., 175., 337., 182., 326., 188., 329., 200., 335., 205., 332.,
    209., 325., 217., 321., 212., 313., 217., 306., 216., 307., 210.,
    312., 210., 319., 208., 318., 201., 322., 199., 318., 191., 306.,
    193., 292., 188., 300., 179., 310., 170. ]
