%YAML:1.0
Point: [ 313., 166., 322., 170., 331., 173., 335., 183., 324., 188.,
    330., 195., 334., 204., 331., 207., 330., 215., 322., 218., 312.,
    218., 307., 213., 320., 211., 321., 208., 323., 202., 323., 195.,
    316., 191., 306., 191., 291., 196., 293., 183., 286., 178., 292.,
    173., 300., 172., 305., 168., 313., 166. ]
