%YAML:1.0
Point: [ 316., 161., 324., 154., 336., 163., 342., 176., 341., 184.,
    328., 190., 329., 203., 329., 210., 329., 222., 338., 222., 337.,
    229., 314., 233., 308., 227., 322., 227., 317., 218., 306., 219.,
    296., 212., 307., 213., 320., 211., 318., 197., 297., 196., 286.,
    182., 281., 168., 299., 164., 316., 161. ]
