%YAML:1.0
Point: [ 324., 165., 331., 168., 338., 172., 344., 178., 338., 180.,
    333., 183., 326., 190., 330., 197., 332., 202., 334., 208., 328.,
    211., 322., 216., 322., 209., 322., 201., 317., 194., 312., 193.,
    303., 193., 294., 196., 296., 189., 300., 184., 302., 178., 308.,
    174., 313., 171., 318., 168., 324., 165. ]
