%YAML:1.0
Point: [ 308., 153., 324., 159., 341., 172., 336., 188., 324., 198.,
    338., 207., 349., 202., 349., 209., 359., 204., 363., 212., 349.,
    213., 346., 221., 335., 217., 322., 218., 339., 232., 321., 241.,
    308., 239., 323., 227., 298., 215., 322., 210., 314., 199., 288.,
    194., 272., 180., 283., 158., 308., 153. ]
