%YAML:1.0
Point: [ 317., 165., 334., 168., 350., 174., 355., 182., 345., 183.,
    327., 194., 333., 203., 327., 209., 338., 220., 329., 231., 312.,
    233., 310., 227., 324., 227., 323., 218., 298., 217., 299., 211.,
    318., 212., 322., 200., 309., 195., 285., 196., 291., 180., 287.,
    172., 295., 168., 307., 163., 317., 165. ]
