%YAML:1.0
Point: [ 312., 168., 320., 166., 329., 169., 341., 175., 338., 182.,
    333., 181., 327., 184., 329., 192., 331., 198., 329., 210., 322.,
    213., 316., 211., 319., 207., 322., 201., 319., 193., 313., 194.,
    306., 195., 297., 196., 297., 189., 295., 184., 292., 182., 293.,
    172., 299., 171., 306., 170., 312., 168. ]
