%YAML:1.0
Point: [ 320., 162., 335., 167., 342., 176., 337., 186., 331., 191.,
    330., 197., 329., 205., 329., 212., 329., 218., 320., 221., 320.,
    214., 320., 208., 320., 200., 318., 195., 310., 197., 301., 197.,
    292., 196., 286., 189., 296., 185., 293., 179., 291., 172., 296.,
    169., 299., 164., 311., 167., 320., 162. ]
