%YAML:1.0
Point: [ 310., 153., 340., 157., 340., 181., 325., 194., 340., 209.,
    327., 220., 342., 227., 347., 221., 353., 230., 339., 238., 321.,
    238., 313., 234., 320., 227., 309., 225., 293., 218., 295., 211.,
    307., 217., 320., 211., 315., 198., 298., 199., 284., 195., 275.,
    196., 279., 178., 290., 164., 310., 153. ]
