%YAML:1.0
Point: [ 310., 151., 334., 152., 339., 164., 354., 181., 347., 188.,
    338., 191., 330., 200., 340., 211., 330., 216., 329., 225., 348.,
    230., 334., 236., 316., 238., 301., 240., 301., 232., 321., 229.,
    316., 221., 293., 218., 297., 212., 317., 214., 316., 199., 286.,
    197., 271., 182., 282., 161., 310., 151. ]
