%YAML:1.0
Point: [ 315., 155., 342., 155., 347., 161., 341., 172., 347., 176.,
    349., 188., 328., 199., 341., 208., 328., 219., 343., 231., 332.,
    236., 317., 239., 302., 240., 299., 235., 313., 232., 320., 223.,
    308., 225., 299., 221., 295., 214., 307., 217., 322., 203., 293.,
    197., 277., 178., 284., 161., 315., 155. ]
