%YAML:1.0
Point: [ 313., 157., 330., 157., 339., 171., 346., 176., 330., 197.,
    330., 206., 338., 204., 342., 211., 326., 216., 330., 222., 346.,
    221., 346., 230., 331., 238., 316., 238., 317., 226., 306., 220.,
    318., 207., 310., 201., 289., 196., 276., 189., 276., 179., 279.,
    170., 291., 162., 302., 156., 313., 157. ]
