%YAML:1.0
Point: [ 317., 160., 319., 152., 339., 158., 346., 173., 346., 186.,
    337., 191., 330., 197., 330., 209., 333., 220., 348., 233., 340.,
    238., 335., 234., 333., 240., 316., 240., 309., 237., 321., 225.,
    300., 220., 299., 214., 310., 216., 317., 201., 297., 200., 281.,
    189., 283., 168., 298., 155., 317., 160. ]
