%YAML:1.0
Point: [ 315., 153., 334., 155., 346., 163., 355., 170., 359., 180.,
    344., 190., 332., 194., 332., 209., 334., 220., 342., 223., 333.,
    236., 321., 236., 307., 240., 304., 234., 317., 230., 319., 222.,
    310., 217., 319., 213., 318., 201., 303., 199., 288., 198., 279.,
    187., 282., 166., 311., 160., 315., 153. ]
