%YAML:1.0
Point: [ 318., 162., 319., 153., 341., 158., 343., 175., 353., 182.,
    328., 196., 335., 203., 351., 208., 347., 213., 330., 212., 339.,
    225., 335., 235., 303., 239., 299., 234., 321., 231., 320., 220.,
    299., 220., 299., 213., 311., 216., 324., 208., 315., 199., 289.,
    195., 280., 175., 302., 158., 318., 162. ]
