%YAML:1.0
Point: [ 325., 152., 338., 163., 351., 172., 352., 187., 345., 184.,
    329., 200., 341., 204., 341., 211., 334., 210., 333., 219., 344.,
    225., 327., 235., 325., 229., 312., 234., 315., 221., 305., 219.,
    295., 215., 301., 209., 318., 212., 320., 199., 294., 197., 285.,
    182., 293., 163., 316., 161., 325., 152. ]
