%YAML:1.0
Point: [ 320., 141., 341., 150., 350., 163., 358., 160., 370., 169.,
    366., 186., 360., 187., 360., 197., 351., 204., 342., 213., 340.,
    229., 325., 236., 312., 238., 299., 235., 298., 221., 297., 210.,
    286., 209., 279., 212., 269., 197., 269., 181., 274., 169., 279.,
    159., 288., 149., 304., 140., 320., 141. ]
