%YAML:1.0
Point: [ 319., 151., 333., 154., 340., 150., 345., 159., 349., 170.,
    342., 174., 350., 180., 342., 187., 332., 190., 322., 196., 329.,
    213., 327., 224., 320., 223., 313., 225., 307., 228., 304., 223.,
    304., 216., 304., 209., 304., 202., 300., 197., 287., 201., 274.,
    192., 283., 177., 301., 161., 319., 151. ]
