%YAML:1.0
Point: [ 321., 149., 334., 151., 342., 160., 348., 167., 348., 175.,
    359., 176., 359., 184., 347., 184., 335., 184., 323., 194., 329.,
    221., 308., 222., 303., 217., 304., 210., 306., 203., 304., 194.,
    292., 195., 292., 206., 285., 207., 280., 195., 274., 193., 279.,
    180., 290., 168., 308., 155., 321., 149. ]
