%YAML:1.0
Point: [ 313., 149., 325., 149., 338., 147., 343., 162., 343., 172.,
    342., 184., 329., 185., 321., 191., 325., 206., 331., 221., 320.,
    220., 310., 227., 305., 222., 303., 213., 303., 204., 307., 198.,
    303., 192., 290., 192., 276., 193., 279., 182., 282., 174., 290.,
    174., 292., 166., 301., 156., 313., 149. ]
