%YAML:1.0
Point: [ 317., 152., 332., 154., 340., 160., 346., 171., 350., 184.,
    339., 188., 331., 190., 325., 197., 327., 212., 328., 225., 319.,
    225., 306., 229., 301., 223., 293., 220., 301., 216., 304., 210.,
    300., 198., 291., 196., 284., 201., 276., 193., 274., 185., 284.,
    176., 291., 168., 304., 159., 317., 152. ]
