%YAML:1.0
Point: [ 318., 150., 333., 151., 342., 165., 346., 171., 344., 174.,
    348., 180., 343., 186., 335., 187., 325., 195., 325., 207., 331.,
    213., 330., 222., 319., 221., 309., 226., 302., 221., 298., 215.,
    302., 213., 305., 206., 300., 196., 286., 198., 273., 195., 277.,
    183., 288., 170., 300., 161., 318., 150. ]
