%YAML:1.0
Point: [ 317., 151., 333., 154., 342., 159., 349., 168., 350., 183.,
    341., 190., 324., 199., 330., 211., 332., 227., 320., 230., 302.,
    232., 301., 225., 301., 217., 303., 205., 296., 201., 283., 201.,
    277., 195., 272., 187., 276., 182., 283., 175., 288., 167., 294.,
    162., 300., 155., 308., 152., 317., 151. ]
