%YAML:1.0
Point: [ 319., 151., 333., 151., 342., 161., 349., 172., 352., 182.,
    339., 185., 324., 190., 325., 203., 327., 212., 325., 220., 307.,
    225., 304., 218., 304., 209., 307., 204., 299., 196., 287., 197.,
    271., 193., 276., 184., 285., 179., 289., 173., 290., 161., 296.,
    152., 303., 156., 311., 152., 319., 151. ]
