%YAML:1.0
Point: [ 314., 152., 330., 152., 342., 160., 350., 170., 346., 173.,
    350., 179., 355., 184., 344., 189., 327., 197., 328., 210., 331.,
    225., 320., 231., 305., 233., 302., 228., 301., 224., 305., 217.,
    300., 201., 284., 200., 278., 204., 276., 199., 271., 186., 278.,
    180., 287., 171., 301., 157., 314., 152. ]
