%YAML:1.0
Point: [ 319., 151., 339., 151., 342., 161., 350., 168., 346., 170.,
    349., 183., 343., 192., 332., 194., 325., 199., 326., 206., 331.,
    211., 329., 228., 321., 226., 309., 231., 299., 228., 303., 217.,
    305., 202., 296., 197., 282., 204., 280., 199., 272., 186., 283.,
    176., 293., 167., 305., 155., 319., 151. ]
