%YAML:1.0
Point: [ 316., 152., 329., 153., 343., 157., 343., 165., 343., 173.,
    350., 180., 344., 186., 333., 193., 324., 200., 327., 212., 327.,
    225., 318., 228., 308., 231., 299., 227., 301., 220., 303., 212.,
    306., 205., 301., 199., 282., 201., 276., 195., 272., 182., 280.,
    174., 291., 166., 300., 157., 316., 152. ]
