%YAML:1.0
Point: [ 320., 137., 335., 144., 351., 160., 347., 164., 355., 176.,
    363., 176., 370., 185., 369., 190., 362., 187., 361., 199., 356.,
    199., 346., 207., 338., 216., 338., 231., 326., 234., 314., 238.,
    299., 235., 299., 223., 294., 210., 283., 208., 278., 214., 266.,
    195., 269., 175., 285., 151., 320., 137. ]
