%YAML:1.0
Point: [ 325., 137., 336., 143., 345., 159., 360., 168., 369., 179.,
    369., 192., 360., 188., 352., 199., 337., 211., 335., 219., 338.,
    226., 334., 239., 320., 242., 307., 246., 295., 241., 296., 229.,
    295., 218., 296., 210., 286., 206., 278., 214., 265., 199., 268.,
    180., 281., 158., 305., 145., 325., 137. ]
