%YAML:1.0
Point: [ 321., 142., 339., 146., 350., 156., 362., 171., 366., 190.,
    356., 189., 347., 200., 336., 211., 335., 225., 333., 241., 316.,
    241., 314., 246., 300., 241., 299., 230., 299., 217., 292., 205.,
    278., 213., 272., 204., 266., 197., 268., 185., 275., 174., 282.,
    163., 290., 153., 305., 144., 321., 142. ]
