%YAML:1.0
Point: [ 321., 143., 337., 147., 349., 157., 355., 170., 360., 184.,
    351., 192., 337., 206., 335., 220., 337., 238., 319., 240., 306.,
    243., 291., 241., 298., 232., 299., 221., 298., 209., 285., 205.,
    279., 211., 277., 204., 266., 198., 269., 187., 272., 175., 279.,
    167., 287., 157., 301., 147., 321., 143. ]
