%YAML:1.0
Point: [ 319., 145., 339., 151., 352., 164., 351., 180., 355., 183.,
    346., 191., 333., 201., 330., 215., 336., 219., 332., 231., 337.,
    235., 334., 239., 320., 238., 301., 240., 300., 229., 300., 214.,
    287., 204., 280., 214., 272., 204., 265., 193., 269., 185., 274.,
    176., 282., 164., 298., 151., 319., 145. ]
