%YAML:1.0
Point: [ 315., 146., 331., 148., 347., 156., 351., 164., 355., 178.,
    359., 181., 356., 188., 343., 195., 328., 209., 328., 221., 331.,
    235., 316., 235., 296., 235., 297., 225., 300., 215., 296., 204.,
    282., 203., 280., 211., 274., 207., 273., 198., 268., 188., 273.,
    178., 279., 170., 293., 158., 315., 146. ]
