%YAML:1.0
Point: [ 316., 147., 334., 151., 343., 156., 339., 164., 349., 166.,
    350., 178., 348., 194., 338., 196., 329., 204., 328., 211., 334.,
    223., 329., 235., 320., 236., 308., 238., 301., 235., 294., 234.,
    299., 226., 300., 217., 300., 207., 288., 202., 282., 213., 276.,
    207., 269., 189., 284., 165., 316., 147. ]
