%YAML:1.0
Point: [ 312., 150., 334., 150., 345., 148., 345., 156., 349., 170.,
    349., 183., 343., 193., 329., 204., 330., 218., 331., 237., 318.,
    236., 309., 239., 300., 235., 298., 223., 302., 214., 297., 203.,
    282., 201., 287., 212., 274., 208., 275., 199., 267., 187., 276.,
    180., 283., 167., 296., 158., 312., 150. ]
