%YAML:1.0
Point: [ 316., 151., 344., 149., 345., 161., 345., 177., 357., 182.,
    346., 189., 330., 196., 328., 204., 329., 216., 329., 233., 315.,
    234., 297., 234., 300., 225., 302., 214., 298., 202., 284., 201.,
    281., 207., 274., 205., 275., 199., 270., 190., 275., 186., 277.,
    173., 287., 167., 298., 155., 316., 151. ]
