%YAML:1.0
Point: [ 293., 164., 303., 174., 308., 170., 319., 184., 325., 183.,
    331., 189., 326., 194., 337., 209., 328., 220., 324., 233., 324.,
    254., 322., 266., 331., 273., 326., 281., 312., 277., 307., 261.,
    297., 246., 278., 238., 250., 241., 243., 228., 225., 200., 234.,
    191., 251., 176., 271., 165., 293., 164. ]
