%YAML:1.0
Point: [ 282., 165., 298., 175., 307., 170., 313., 179., 329., 190.,
    337., 204., 335., 215., 330., 219., 320., 239., 321., 252., 329.,
    260., 320., 268., 336., 268., 327., 280., 309., 277., 308., 267.,
    305., 257., 292., 246., 273., 237., 258., 239., 261., 250., 241.,
    230., 228., 198., 254., 170., 282., 165. ]
