%YAML:1.0
Point: [ 276., 180., 288., 184., 298., 192., 313., 197., 317., 204.,
    308., 214., 301., 214., 301., 223., 290., 229., 305., 243., 295.,
    251., 274., 250., 277., 245., 283., 243., 273., 234., 261., 232.,
    247., 232., 251., 223., 258., 220., 255., 215., 256., 205., 258.,
    197., 261., 190., 269., 184., 276., 180. ]
