%YAML:1.0
Point: [ 276., 180., 290., 186., 300., 195., 313., 201., 311., 213.,
    303., 213., 295., 221., 289., 230., 303., 237., 306., 246., 297.,
    245., 294., 251., 285., 248., 273., 247., 273., 242., 282., 244.,
    288., 241., 273., 234., 260., 228., 255., 234., 253., 220., 258.,
    209., 261., 197., 267., 186., 276., 180. ]
