%YAML:1.0
Point: [ 277., 181., 288., 186., 300., 191., 307., 199., 317., 204.,
    316., 210., 309., 214., 303., 221., 297., 233., 309., 246., 299.,
    251., 288., 252., 274., 248., 280., 244., 288., 245., 283., 236.,
    272., 234., 259., 235., 250., 227., 254., 218., 255., 206., 261.,
    198., 263., 192., 269., 186., 277., 181. ]
