%YAML:1.0
Point: [ 280., 179., 290., 187., 302., 197., 312., 205., 319., 204.,
    326., 212., 318., 213., 307., 220., 296., 230., 301., 244., 311.,
    246., 308., 252., 305., 262., 295., 266., 288., 261., 294., 259.,
    298., 254., 289., 251., 279., 249., 279., 242., 291., 240., 275.,
    230., 252., 230., 258., 202., 280., 179. ]
