%YAML:1.0
Point: [ 275., 180., 287., 185., 297., 191., 307., 198., 315., 203.,
    316., 211., 308., 213., 303., 221., 297., 233., 311., 244., 304.,
    252., 295., 252., 279., 249., 272., 250., 276., 243., 293., 243.,
    267., 235., 258., 237., 249., 231., 252., 223., 254., 215., 256.,
    206., 260., 198., 264., 189., 275., 180. ]
