%YAML:1.0
Point: [ 277., 178., 287., 184., 298., 194., 311., 202., 314., 211.,
    302., 212., 299., 222., 290., 228., 296., 235., 308., 240., 309.,
    247., 300., 245., 294., 249., 273., 248., 275., 244., 291., 239.,
    283., 236., 270., 232., 257., 231., 251., 224., 257., 217., 259.,
    207., 261., 197., 266., 185., 277., 178. ]
