%YAML:1.0
Point: [ 279., 176., 289., 186., 301., 195., 312., 202., 314., 211.,
    305., 213., 293., 225., 299., 240., 309., 239., 298., 248., 278.,
    248., 275., 243., 288., 239., 268., 233., 253., 233., 250., 226.,
    254., 219., 255., 209., 258., 204., 260., 200., 260., 194., 262.,
    185., 266., 184., 273., 180., 279., 176. ]
