%YAML:1.0
Point: [ 270., 179., 283., 186., 291., 184., 316., 199., 313., 211.,
    306., 214., 302., 211., 300., 221., 296., 226., 290., 229., 300.,
    238., 300., 250., 296., 254., 285., 250., 288., 243., 280., 242.,
    275., 234., 266., 232., 249., 230., 251., 220., 253., 209., 253.,
    202., 257., 196., 261., 185., 270., 179. ]
