%YAML:1.0
Point: [ 276., 178., 289., 188., 301., 192., 313., 200., 315., 212.,
    305., 214., 298., 219., 291., 232., 299., 234., 303., 245., 296.,
    250., 277., 247., 287., 242., 280., 237., 273., 234., 266., 234.,
    256., 233., 249., 231., 252., 221., 256., 212., 257., 204., 259.,
    195., 263., 186., 270., 182., 276., 178. ]
