%YAML:1.0
Point: [ 272., 177., 287., 185., 302., 193., 318., 199., 312., 210.,
    304., 214., 299., 224., 291., 226., 291., 234., 302., 238., 304.,
    247., 298., 251., 288., 251., 275., 251., 272., 244., 282., 244.,
    284., 241., 280., 233., 263., 233., 247., 232., 250., 222., 254.,
    209., 256., 195., 261., 184., 272., 177. ]
