%YAML:1.0
Point: [ 281., 165., 302., 177., 309., 176., 332., 192., 329., 200.,
    334., 210., 325., 223., 317., 241., 324., 249., 319., 261., 324.,
    268., 337., 269., 332., 278., 289., 279., 289., 273., 299., 274.,
    313., 268., 295., 247., 290., 241., 261., 236., 257., 249., 234.,
    208., 223., 206., 247., 181., 281., 165. ]
