%YAML:1.0
Point: [ 278., 166., 300., 174., 319., 184., 330., 193., 339., 207.,
    329., 216., 324., 229., 317., 237., 325., 259., 310., 263., 303.,
    253., 294., 244., 279., 238., 261., 237., 258., 244., 241., 235.,
    241., 225., 237., 211., 231., 192., 241., 190., 243., 180., 248.,
    178., 256., 174., 266., 168., 278., 166. ]
