%YAML:1.0
Point: [ 287., 168., 304., 179., 323., 184., 332., 195., 336., 210.,
    323., 217., 319., 232., 319., 247., 323., 256., 317., 265., 317.,
    276., 304., 276., 304., 266., 302., 256., 289., 245., 265., 236.,
    259., 240., 244., 236., 240., 229., 235., 216., 233., 205., 240.,
    199., 246., 184., 265., 167., 287., 168. ]
