%YAML:1.0
Point: [ 278., 171., 310., 180., 329., 201., 318., 221., 302., 241.,
    323., 247., 313., 250., 321., 257., 313., 263., 322., 272., 304.,
    272., 301., 255., 292., 258., 287., 244., 262., 235., 255., 242.,
    242., 233., 232., 209., 225., 214., 214., 207., 217., 198., 226.,
    197., 239., 196., 253., 177., 278., 171. ]
