%YAML:1.0
Point: [ 278., 174., 301., 177., 316., 189., 328., 202., 321., 213.,
    309., 218., 296., 234., 303., 241., 322., 246., 310., 249., 324.,
    259., 312., 256., 312., 263., 317., 270., 308., 275., 304., 265.,
    304., 253., 286., 250., 287., 241., 261., 231., 257., 240., 244.,
    233., 236., 205., 248., 184., 278., 174. ]
