%YAML:1.0
Point: [ 276., 172., 296., 180., 322., 196., 323., 204., 321., 213.,
    312., 214., 307., 219., 303., 232., 296., 230., 302., 241., 309.,
    253., 303., 260., 296., 251., 288., 250., 288., 242., 262., 230.,
    256., 238., 244., 231., 243., 222., 240., 200., 248., 196., 246.,
    183., 252., 174., 265., 174., 276., 172. ]
