%YAML:1.0
Point: [ 279., 177., 303., 183., 325., 206., 314., 214., 305., 218.,
    302., 227., 294., 233., 303., 240., 301., 250., 309., 267., 299.,
    269., 296., 262., 285., 252., 283., 241., 267., 235., 257., 238.,
    244., 234., 245., 223., 243., 206., 235., 200., 246., 195., 246.,
    185., 251., 176., 264., 176., 279., 177. ]
