%YAML:1.0
Point: [ 274., 179., 298., 184., 311., 198., 320., 200., 318., 210.,
    304., 214., 292., 229., 304., 243., 301., 246., 306., 261., 297.,
    261., 295., 256., 283., 251., 289., 244., 285., 238., 279., 239.,
    271., 234., 248., 233., 246., 227., 251., 218., 249., 204., 254.,
    197., 253., 188., 260., 181., 274., 179. ]
