%YAML:1.0
Point: [ 596., 28. ]
